7441
-28271
-19425
20460
-20027
-7832
-28581
-10771
13769
-32471
1854
19000
-9310
3937
-15591
-19353
31311
-2533
-1361
-1301
-20193
-26581
-31713
32194
-12494
-17483
-32195
18908
19996
25935
-7284
-16102
-16976
14380
-328
-24704
-15055
26511
6369
-27127
13981
7569
-29484
14720
32193
27573
-21849
29164
-27802
-21754
-592
-21828
4699
18095
15622
-31381
18011
-25813
-9207
18991
-5083
-32696
-5251
-18570
-24532
22862
29492
-14031
-7345
-14032
-32450
1472
-17448
27600
23126
-24976
-26722
6525
-209
16067
27622
-16424
-935
10788
655
-21777
-28407
-9555
-30588
31037
21521
24708
19049
-13545
23093
27403
-27157
-20102
-16711
-20841
13253
31758
-20291
-8498
25168
31040
7177
3835
25864
-12781
27451
-23480
-20019
23929
-28457
12425
-6090
-17138
20512
29588
21731
12372
12539
-15930
10566
-28281
-12244
-14300
27202
-7689
-22946
23662
30916
18916
-28479
-4430
-30628
32093
-5642
2997
7215
14034
31449
-31811
18263
14868
-17171
10595
-23152
-18866
